Var1
1.90574750903704e-18
9.98959635982578
-0.0238428476097978
-10.0402771946622
-0.0594981041707654
9.91888156619036
-0.10457171994502
-10.1291221635473
-0.153885804072533
9.82213740683284
-0.199978297025764
-10.2190332481946
-0.234045756890097
9.75595021867039
-0.248227447777069
-10.2459589175871
-0.236863336694477
9.77917210878573
-0.19802267942247
-10.1688999877535
-0.134177565441462
9.90523883001909
-0.0518281439512643
-10.0066540373648
0.0394175543917794
10.0850437092679
0.128950548980505
-9.83000302998312
0.207229724668288
10.2399263982756
0.267623621826959
-9.70992869839746
0.30739120415284
10.3199072380377
0.328151948802041
-9.66718362528914
0.33469058787722
10.334598968323
0.333334610352351
-9.66840267432137
0.329939483574806
10.3287435223912
0.328136718209493
-9.67196851462707
0.32811656628187
10.3278811786907
0.326655466600207
-9.67633517295191
0.318094713252647
10.3091617347247
0.296186337649916
-9.72140309546771
0.256176419552019
10.2289429908129
0.197230188808981
-9.8383025190258
0.123318776508149
10.0833487411339
0.043268004680448
-9.99529016335222
-0.0306277894437344
9.93898362010462
-0.0849783339454716
-10.1012225391861
-0.108780969484589
9.89291890383501
-0.0959970858279084
-10.0758756835571
-0.0475342224839066
9.98777003138487
0.0283981127762512
-9.92762294929456
0.117602913551675
10.1618671382061
0.203006489887808
-9.76097500356225
0.268206944292052
10.2892136737187
0.301157897493522
-9.69634931163003
0.296818039979456
10.2813023982022
0.258170019070225
-9.77111984694112
0.195176401341243
10.1589740346598
0.122237918889515
-9.91314114204225
0.0545362177697109
10.0266742408943
0.00429853982181825
-10.0119255541719
-0.0219402255264919
9.97390279743518
-0.0251836408394806
-10.0203608682199
-0.0130782976592288
9.99503200481065
0.00227338791431802
-9.99299220570642
0.00777616181268893
10.0035756881385
-0.00652503574955304
-10.0228875850248
-0.0453903820044489
9.92658148231398
-0.105885878312118
-10.141289096469
-0.177790905554221
9.78667140231232
-0.245741572414887
-10.2728212703954
-0.292740059321761
9.69611475612694
-0.305082927152488
-10.2956955877951
-0.275688157690226
9.75434338937694
-0.206815312852232
-10.160942040741
-0.11028248019873
9.94246568388492
-0.00538106511896019
-9.95656218086086
0.0863734214994666
10.1212410001601
0.146372908678351
-9.83926100552164
0.164024591008989
10.1566590039741
0.13979085825139
-9.88498165688539
0.0848540718466508
10.0519671101168
0.0191803228169931
-10.0107397050671
-0.0352917512858246
9.9475681147635
-0.060732939955095
-10.0594983517959
-0.0488204692994278
9.97053870402272
-0.00306546773970171
-9.9718583457527
0.0614974419606969
10.0941152626001
0.123118635136724
-9.85412268959131
0.160225787253831
10.1646459161461
0.158397978184497
-9.85840791676513
0.115225383991502
10.0810117444414
0.0412967927066329
-10.0011276656097
-0.0432461680367066
9.91793950073201
-0.114828777581872
-10.1392826291318
-0.15380422699656
9.84259407259066
-0.15019857789701
-10.1330022537727
-0.10737990435739
9.92450343471038
-0.0399311360433588
-10.0034578045513
0.0311832695884762
10.0615056734602
0.0854676600603552
-9.8982910174215
0.10938500015151
10.1084155713573
0.0993829260326483
-9.91656375725837
0.0621490736177784
10.0373445174319
0.0109057594051959
-10.0154094115268
-0.040132307762498
9.93737808496875
-0.0819216863281317
-10.0979500195105
-0.111105346017391
9.87781275593723
-0.132277695070336
-10.1425956020989
-0.154339969269707
9.83146215042592
-0.185912273077444
-10.2070094588602
-0.231495838836522
9.7412684865268
-0.287635925675937
-10.3167709532462
-0.344458986127391
9.63107620059781
-0.38844004351057
-10.40147665055
-0.406820422916968
9.59625100334583
-0.391853165203699
-10.3712570408834
-0.342523817148415
9.69341261437943
-0.26465548797698
-10.2180955668588
-0.168315916423563
9.88334517224075
-0.0642891910322754
-10.012783318061
0.0376425401471264
10.086621945239
0.134017452087587
-9.82016117057311
0.22413899351843
10.2669005653821
0.307927331053373
-9.65324524632662
0.382592044848902
10.4132024190029
0.438056542361333
-9.54438550393082
0.464255236687927
10.4624098963401
0.448709920850508
-9.5778633546178
0.382158270718198
10.3288408723366
0.262921978506562
-9.81654917610826
0.0945887203919156
9.99934713886947
-0.0987131103558326
-10.1956826044276
-0.287544440713098
9.62956245863588
-0.440921090735674
-10.4962180924511
-0.534417048620551
9.4425497418069
-0.56309003840157
-10.5522101434677
-0.526567536106695
9.51131653998986
-0.441677335100579
-10.3890659315076
-0.334542266387378
9.71825056167421
-0.234064185408282
-10.1950904434605
-0.166517206025421
9.85017554433588
-0.145666934898403
-10.1538610083665
-0.173420890153917
9.79736115921534
-0.239201556276196
-10.2803334061764
-0.322956465023901
9.63619675449915
-0.399760284316078
-10.4278272616317
-0.445322956415406
9.54999735915148
-0.440151721786461
-10.4146541693983
-0.373035467704095
9.68451931291628
-0.242828825075478
-10.1528409099794
-0.050688696794775
10.0606027670637
0.177468780636875
-9.70403138829968
0.411980382663603
10.5214162780267
0.620444145749027
-9.2943003756408
0.774472409475398
10.830867783617
0.868753206627074
-9.11273232710016
0.88625372233998
10.8662632057791
0.82854114358376
-9.22501029227469
0.708114396264839
10.6309542208615
0.546997299244108
-9.53514117428491
0.384534482427799
10.3096207891335
0.243552484165909
-9.8104658912687
0.150486097591111
10.1289993989133
0.127291455461466
-9.85284341212061
0.189905532801645
10.2601131349527
0.354583070482641
-9.52777053149237
0.611047977177957
10.7681168697772
0.939655555541973
-8.87884962274625
1.30755277642386
11.4935484882
1.67388889126871
-8.15378119118267
2.0044812707042
12.1456292308194
2.26811308136371
-7.62781641328618
2.46009172075733
12.5361517433063
2.6066413241655
-7.32047639884707
2.76399008679264
12.8703631184462
3.00791125330906
-6.81478381700014
3.40898074691546
13.6832184703322
4.00856230522735
-5.61823882303453
4.79542366482004
15.2380528588943
5.694396032184
-3.85544189194243
6.56941327313929
16.947711745978
7.25864283832771
-2.51677052445837
7.60567983768557
17.6145912691329
7.50390786394672
-2.72645228005749
6.9296378625932
16.4817479609718
5.94951784988759
-4.64478530679405
4.72421850274355
14.0833692916252
3.45916255967066
-7.12407767645563
2.35408613367839
11.9087312140198
1.54845523163247
-8.73018466246714
1.07102974242837
10.9398493007515
0.858033853385545
-9.19744668823001
0.747116860239043
10.6639244463732
0.525520601792341
-9.69337450931594
-0.0141779797973192
9.54010383284904
-1.03446726742404
-11.7396578274792
-2.56969294854057
6.48842494756428
-4.54585921934327
-15.6478199558544
-6.78891821350843
2.06154085331054
-9.06532169041304
-20.1447887955598
-11.1454477585243
-2.04360901865914
-12.8204314318742
-23.462603533054
-13.9626741200186
-4.31903540417584
-14.5355839210749
-24.6211029345499
-14.5884242029994
-4.45543759082375
-14.238189884048
-23.9552246134106
-13.6249034105593
-3.26450562512873
-12.8894885916117
-22.5129366047994
-12.1452116510584
-1.79380461177977
-11.4633729259758
-21.1521779754461
-10.863043704582
-0.594307899666525
-10.3430328028386
-20.1054312267779
-9.87725612329383
0.345866616477295
-9.43182648389948
-19.2064299784857
-8.97449596817859
1.27187909158582
-8.46913083693353
-18.1963367250893
-7.90922220722706
2.39217793269102
-7.29257333904115
-16.964152679756
-6.62331352009914
3.72926415853272
-5.90690030354596
-15.5249903350987
-5.13053148539314
5.27600966997228
-4.30579665857199
-13.8763076746061
-3.43577860323339
7.01565159306463
-2.52205024319404
-12.0488554303738
-1.5647568301917
8.93475984273614
-0.554250168288652
-10.0334210743369
0.494728484808574
11.0267336154606
1.55819889417928
-7.91609325746985
2.59802728051967
13.0944300861646
3.56708830427155
-5.98655054923942
4.4276278387305
14.8062892403103
5.14796152242636
-4.54648326033554
5.72653645355788
15.9735037963454
6.20377445785979
-3.57070643914975
6.66404549877966
16.9228956593495
7.22268902521943
-2.42236156333483
7.99957033673744
18.4967593694752
9.07291349843962
-0.273591568713329
10.4498582180604
21.2300878007325
12.0485441466889
2.88214285762962
13.704785897728
24.4883679810622
15.2048566891216
5.82818975700719
16.3361043679151
26.7117395616431
16.9448633010103
7.03260058336748
16.9795768264445
26.7956647258286
16.4999510393098
6.11456365979749
15.6639778118514
25.1727199864162
14.6630212722748
4.15263488780874
13.6530275959182
23.1681295695523
12.6937835264286
2.21389371718967
11.711608432047
21.1638863757748
10.5453025599177
-0.169354263187975
8.99763680532317
18.0295229049842
6.91730404415019
-4.33862623944304
4.27240094645315
12.7693009371642
1.18180293571075
-10.4512324227323
-2.08535916139643
6.32625722785662
-5.1706910688833
-16.5352141006357
-7.73429768377593
1.25440658718129
-9.55927392597265
-20.1777623560748
-10.6204763853651
-0.915422883341138
-11.0996963193065
-21.2163811750232
-11.3109323576924
-1.42733891539311
-11.6043988479856
-21.8724262053546
-12.2506762836802
-2.74481134468906
-13.3503758031773
-24.0477954982204
-14.8063274529872
-5.58673967816639
-16.344715328961
-27.0346808122596
-17.6137215390395
-8.04524339438269
-18.3020629847182
-28.3643284314893
-18.2340545268958
-7.92194416076397
-17.4507038598075
-26.8530185651468
-16.1686975188845
-5.44125176594866
-14.7142111562668
-24.0275078964273
-13.4142431952718
-2.89428540343613
-12.4837338475637
-22.1838161638725
-11.9844068355311
-1.86533076499192
-11.7985042919835
-21.7507049260955
-11.686711176123
-1.57252844427455
-11.3784176284599
-21.0774725849776
-10.6583374625286
-0.117335162034221
-9.46106294599159
-18.705649267148
-7.87520276646432
3.00038284988591
-6.11194684522622
-15.2455979930367
-4.43158547048806
6.30746454786424
-3.04978405472921
-12.5153586747703
-2.09286727832504
8.22249949964142
-1.55666813825726
-11.4111740661466
-1.31679427973135
8.75390099927466
-1.17035284838174
-11.0603539454683
-0.888895037167717
9.36607164091702
-0.278091891753791
-9.80913085928408
0.780066653124054
11.4917427341122
2.32375041127297
-6.72986797592692
4.32169069949619
15.4639706890961
6.68745275631435
-2.02489115539658
9.30732370855127
20.6619356466823
12.0142862048454
3.3373558320095
14.6020644990126
25.7778059351963
16.833262006547
7.73492153570076
18.4578928005755
28.9762084991813
19.2687311299469
9.32089846528767
19.1263046832097
28.6879473144659
18.0189816642065
7.14285342488225
16.0927249147885
24.9096216451495
13.6426713022616
2.3435422057934
11.0645768458329
19.8555596901161
8.76050840439813
-2.18526140099089
7.04244257962874
16.4549914063724
6.05011885340632
-4.18622580923331
5.71489633114761
15.7153251963154
5.76967822116336
-4.1712833014288
5.84301495632593
15.7666536134232
5.56065223749234
-4.80412559605833
4.65517825516077
13.9352066165187
3.04301825871187
-7.99882131800363
0.843379859398161
9.61174741790404
-1.64647414784486
-12.8825833998151
-4.0501307996792
4.89162549173819
-6.025208799601
-16.7788583346578
-7.36347093489795
2.21851524269033
-8.04653638658753
-18.1820121710674
-8.21889537836196
1.80689918344117
-8.14252455856515
-18.1040524676064
-8.11076651522114
1.80721381537935
-8.36846135401378
-18.6466771658604
-9.02648871690818
0.502275513735659
-10.0423165016997
-20.6362087227313
-11.2516517691613
-1.8596674237739
-12.4324618177951
-22.9471774380537
-13.384913404428
-3.731853177764
-13.9806381721706
-24.1304157838862
-14.1863335501012
-4.15855874277324
-14.0609398135403
-23.9094508507792
-13.7205709930724
-3.50877036223564
-13.2886882407626
-23.0700059352896
-12.8583601117006
-2.65517725781214
-12.4579233991049
-22.260719150492
-12.0552405602763
-1.83180574443764
-11.5805372570897
-21.2886735563823
-10.9526275801724
-0.568530643442994
-10.1358249223443
-19.6574234892437
-9.13955414128906
1.40868186620839
-8.02401865329429
-17.4503308409728
-6.88339424606768
3.66704717768273
-5.81225398567371
-15.331339443938
-4.89799958683521
5.48261034542842
-4.19183176341873
-13.9207987503702
-3.70106274732327
6.47301834641013
-3.39089070601549
-13.2805076346839
-3.18541509624733
6.90415932261514
-3.0024413182819
-12.896538725109
-2.77025538668353
7.38342455195711
-2.42936206587404
-12.2033649227241
-1.93424825652181
8.38290625601693
-1.24838826052452
-10.8280302016229
-0.357846325593132
10.1583812266608
0.714966160903296
-8.69553636965219
1.91792223120855
12.5452475087692
3.1756728204441
-6.19969798673168
4.40807844974161
14.989327435935
5.53598781003732
-3.95772102007291
6.50527183575087
16.9253023906853
7.30617379226044
-2.34489471043694
7.98240509821195
18.301421236838
8.62685756173926
-1.02655716952055
9.35514882750046
19.7840046702175
10.2689768916705
0.815008328003531
11.4223013548598
22.085915483855
12.7957266813068
3.53875646891446
14.2932413838534
25.0369746276004
15.7460223659474
6.39614111987877
16.9642342009955
27.4297320029757
17.7757843065307
7.990166307981
18.0658230446915
28.0025436353814
17.800996470015
7.46896858792621
17.0177777759953
26.4610070593587
15.8131204285058
5.08809803244965
14.2982283782779
23.4531808105411
12.5594547198741
1.62051991874565
10.6344159637799
19.5996936335807
8.51410641506293
-2.62417730877229
6.18469701816716
14.9434594803799
3.65868365459829
-7.65859086096678
1.00732295349503
9.67461726704574
-1.6338530074636
-12.8915588274687
-4.07104559528446
4.85397377285641
-6.09360602692846
-16.8964375190333
-7.5445988091672
1.96299629469164
-8.38218497411562
-18.6009720257152
-8.72013148749377
1.22659323709303
-8.79942062785424
-18.8391196709765
-8.93292813243153
0.882175739984781
-9.42456458063534
-19.8752749831689
-10.4816025558582
-1.24624242164395
-12.1561450587223
-23.1873733099906
-14.3056652826238
-5.46860486814647
-16.6283905670944
-27.734993142078
-18.7394627596471
-9.59713629313836
-20.2705060024094
-30.7305785476402
-20.9617757967149
-10.9590245005267
-20.7290325968369
-30.2894334282294
-19.667205833853
-8.89651448773008
-18.0161551045022
-27.0668129506302
-16.0883489892315
-5.11373363775996
-14.1774852683187
-23.304215337437
-12.5107474721827
-1.80580405941163
-11.1903033071257
-20.6581974579498
-10.1977452991445
0.206914024872139
-9.4259678031417
-19.0722862444395
-8.71799224784635
1.65174330891312
-7.9518657792296
-17.521780852086
-7.05527924760895
3.44629045300087
-6.02192584107344
-15.4674881982785
-4.89972875127284
5.67637276325714
-3.75230224951751
-13.1958890643918
-2.66340899145268
7.83776916157076
-1.69770296790693
-11.2729551048494
-0.888854808528169
9.45590660164611
-0.235370638845994
-9.95623985086586
0.300663944450733
10.5422721710919
0.775998764650267
-8.99041265055143
1.25100001022147
11.5083219260102
1.78965196860122
-7.89704937577
2.45582305935921
12.8523045123976
3.30373726437766
-6.18574369549788
4.38575983080549
15.0176042661469
5.70639157281889
-3.55411976833803
7.22704668232327
18.0383155846627
8.86596540923837
-0.306268663277368
10.5083172899831
21.2931492234201
12.0322201965422
2.7110630877191
13.3176703722756
23.8432787106655
14.2829423038168
4.6358328974037
14.9052250026063
25.0980951806704
15.2247805006089
5.29753091611189
15.3295858759218
25.3339217403537
15.3219889534821
5.30254767655927
15.2807064118229
25.2572544873056
15.2283570350063
5.18594869898912
15.1160377541807
25.0034061684812
14.831091513228
4.58173434894299
14.2390190926978
23.7890936081686
13.2218516179136
2.53197066725711
11.71961623941
20.7887553282001
9.7510157047284
-1.3761686707789
7.42913342123127
16.1919558315823
4.93878417284989
-6.30421718617477
2.48704511743113
11.3330108928258
0.249180971849757
-10.7578380847653
-1.68527588618606
7.46537861838493
-3.31235384473009
-14.029189562325
-4.69905111219099
4.66215609021084
-5.96213744447058
-16.5878529565131
-7.22905504024583
2.09826191291761
-8.61197477653075
-19.3619421037223
-10.1490229810721
-0.966196381234285
-11.8027567262959
-22.645275807994
-13.4787023982123
-4.2874874857002
-15.0566272237243
-25.7790160795637
-16.4391192612532
-7.02654892417625
-17.5329151035285
-27.9518135446435
-18.2786591845986
-8.51041589191706
-18.6452809032752
-28.6823830554801
-18.621547578596
-8.46433405382404
-18.2115087661498
-27.864393992834
-17.4251193876865
-6.89702942806741
-16.2851447270782
-25.5966114055629
-14.8410690940828
-4.03087213851675
-13.1811098321723
-22.2962808428999
-11.4072013700171
-0.536512481765454
-9.70766135742053
-18.9436064853749
-8.26537896271241
2.30938746722679
-7.23216770226727
-16.8969767027451
-6.68522545880167
3.42695164228252
-6.56043054964185
-16.6292358609637
-6.75661155382289
3.08377777893383
-7.07971944934066
-17.218350608111
-7.30460045783853
2.68624223978013
-7.22530553348564
-17.0160597393946
-6.68228249907126
3.77720307221829
-5.64343546061746
-14.9564488798067
-4.17949743106974
6.66569449665408
-2.44508402355485
-11.5368387049816
-0.633686756144142
10.2410446534612
1.07327331648509
-8.15050862906972
2.56131576024352
13.2058569923386
3.78572017554683
-5.69134876041001
4.78686459630831
15.2361081005839
5.6745357544433
-3.89217491543166
6.56923076953439
17.0777467957014
7.64998136627009
-1.70085142828883
9.03424836147347
19.8594698321178
10.7738437244029
1.7711606163001
12.8401613884735
23.9450767985235
15.0849768745959
6.23923712579288
17.3857366412969
28.501891656658
19.5656870612206
10.5566594809359
21.4567916240893
32.2512843324086
22.9291794789717
13.4714114782866
23.8864425327869
34.1783654829176
24.3561457447361
14.4330745016562
24.4259547160641
34.3540518804589
24.237856159316
14.097715713986
23.9524115686437
33.8155612907105
23.6993820608409
13.6105656052565
23.5497581404991
33.5108853000359
23.4808071046497
13.439345289179
23.3597068866523
33.2093069649982
22.9509710478935
12.5556492848764
21.9699662104715
31.152437156426
20.0644849271113
8.67258422863671
16.9503141908903
24.8802110742768
12.4553159386446
-0.319679029396793
6.572233517175
13.1817195379093
-0.470812059411018
-14.3349067543651
-8.35092638083559
-2.45193170199133
-16.5658919511591
-30.6181211039197
-24.5338335252478
-18.2407099780514
-31.6713681363143
-44.7481471007331
-37.4370608427667
-29.6996699682485
-41.5098078235583
-52.8541639314478
-43.7323152379811
-34.1562111350028
-44.149145994309
-53.7442786640904
-42.9827804678724
-31.9013367953867
-40.5604914332662
-49.0132107597603
-37.3116102093496
-25.504744937613
-33.6366271101373
-41.7445569523287
-29.8578401055411
-17.9969458756244
-26.1731402538491
-34.3846798799312
-22.6297542828853
-10.8947948038696
-19.1601257101176
-27.4016796657704
-15.5929176664916
-3.70684659664631
-11.7180239626233
-19.6044420593678
-7.34919265917964
5.04996618580157
-2.39710707661811
-9.69437826046228
3.14627741235702
16.1052115261624
9.15549513642107
2.26373700778363
15.3911850154255
28.4950590865782
21.5300570849604
14.434843871102
27.1777170444105
39.717292721994
32.0164417304215
24.0434799067552
35.7730839433874
47.1869051899247
38.2738721995634
29.0301901857438
39.4590606579313
49.5561910114455
39.3509268996929
28.8647964371499
38.1233189252003
47.1548444427466
35.9893304438719
24.6571001156661
33.1876287177039
41.6084047552425
29.943912232413
18.2062340431356
26.4224510873222
34.603917587399
22.756630050361
10.8814338930411
18.9745138316124
27.028139302035
15.0316248896481
2.97245644713864
10.8375265115476
18.613890471679
6.2954117681995
-6.12612888025697
1.34468758951604
8.70800358210945
-4.03041912421252
-16.858562185851
-9.75783223347098
-2.70310572206597
-15.6631617270167
-28.6001483956925
-21.4709192732682
-14.2334122165593
-26.8453208825962
-39.2657415195997
-31.4568037851801
-23.3852061639503
-35.0235798754961
-46.351612457796
-37.3568732243955
-28.0384490567065
-38.3970176805508
-48.4450822484595
-38.2027996213803
-27.697003662863
-36.9599381121109
-46.0277625015115
-34.938904730301
-23.7323401158161
-32.4458789414538
-41.1073490559484
-29.7587511256038
-18.4250007660824
-27.1240459948328
-35.8664407239699
-24.6553088854363
-13.4866804398144
-22.3501651933956
-31.2299180501562
-20.1058399136346
-8.94093469078074
-17.729670473917
-26.4478080637313
-15.0720953816139
-3.58183301326871
-11.9603009007748
-20.1959571094001
-8.2833335885685
3.77642622880078
-4.02458126469688
-11.692430602415
0.74123955318918
13.2511441868578
5.80858539999328
-1.61732294428796
10.9416151510159
23.4539149939391
15.8895400048334
8.22085614605493
20.4233601942477
32.4769006861842
24.3625431647105
16.0671160766827
27.5810390084775
38.8977887428307
30.0132378850308
20.9249481781355
31.6315022555568
42.1319508922155
32.4254382757025
22.5058814742951
32.3802462236303
42.0477294376086
31.5079709267905
20.7617832532927
29.811944314401
38.6639435916602
27.3265747126999
15.8122807239611
24.1371830990615
32.3105360890096
20.3695570207658
8.33779637579637
16.23866080563
24.0943057926075
11.9245816045826
-0.253862903868912
7.57178212598752
15.410194916635
3.26603593340013
-8.86808610832719
-0.981351885231903
6.92363909245252
-5.15572261885259
-17.2201561897409
-9.26658367510412
-1.28641284514223
-13.2642018465334
-25.1768750344682
-16.993619214594
-8.67835175599896
-20.1842108928283
-31.4642998039839
-22.4710995195766
-13.1595100038831
-23.4900540693099
-33.4320031862296
-22.9661785357009
-12.087195583447
-20.8049553125944
-29.1409444027211
-17.1426143276813
-4.86527377760859
-12.3758321397057
-19.7498268680132
-7.06789058010247
5.58811191203253
-1.86097911236284
-9.4878677742165
2.64451541107502
14.494639652937
6.01270329144953
-2.8217768581365
7.98668121224216
18.4484691340717
8.58701513383764
-1.56371223763048
8.0379066897152
17.4381053795297
6.68478316310916
-4.1646528602355
4.91939916156468
13.9759144695099
3.03858358283215
-7.86469305767233
1.28821569569404
10.5141301471194
-0.174666641280807
-10.769482505146
-1.26424381991604
8.35018247018842
-1.93033722336552
-12.1031541697647
-2.1660256029547
7.8824752645754
-1.95773178169548
-11.6890974046006
-1.31734635388269
9.14771954888516
-0.30834714784917
-9.70438551954278
0.934568183813604
11.5806314047618
2.20310615647119
-7.23005883797379
3.24947244998366
13.6123130193328
3.83324209787913
-6.10706169007428
3.77940935313292
13.4861944244183
3.02411892276759
-7.59342909985372
1.65458408515666
10.7957949321642
-0.137013631385738
-11.1076844438733
-2.07865341557213
6.98702240437028
-3.87628752177692
-14.6461498676426
-5.28657227335213
4.2195700489786
-6.11855699711693
-16.2997033813109
-6.33002006091179
3.77784840697416
-5.99403769552472
-15.6675362576215
-5.26698028010624
5.17774257364368
-4.35084057129964
-13.8770081139832
-3.42327680226696
6.9904192042127
-2.65263355878845
-12.3654685784765
-2.15714443605382
7.96740622759195
-1.99259426418696
-12.034213672093
-2.14938665944948
7.67269531396765
-2.55388369878543
-12.8121589711991
-3.0827758725788
6.65540947442703
-3.5753900802558
-13.7527338160683
-3.85490422582042
6.14363738430068
-3.7474743209385
-13.5150453990298
-3.15054834674326
7.34895476236983
-2.01990367445622
-11.2672269703107
-0.409933969669336
10.5285550586536
1.5190436683112
-7.47001297142051
3.51904529429189
14.4483507412497
5.28102271498529
-4.01695843434984
6.52504591445279
16.8839548628944
7.04432429226842
-3.00064099234859
6.75151928004111
16.3026504247143
5.68267472129956
-5.07792392344983
4.0587092437522
13.1360577255106
2.20112438596019
-8.6979442960815
0.485620324939296
9.7946763105848
-0.734231916383289
-11.0747261319034
-1.20635099691789
8.87734984076868
-0.829305014656941
-10.3440686890586
0.303978982090794
11.0758292780003
1.92452995172365
-7.20234350502072
3.64013634108945
14.4011485525444
5.02591053921772
-4.53100013196519
5.69377168462406
15.6744909562677
5.39786901420273
-5.13609616579829
4.08596308808386
13.0900936411161
1.91358824411624
-9.38621899673005
-0.765680393706059
7.83024828528567
-3.54348082981069
-14.8350695670445
-5.99868531328
3.00314711259699
-7.8022874692198
-18.3990683024695
-8.78309750727448
1.04878873218624
-8.92988172909714
-18.747727230796
-8.44078092762546
1.95012727547512
-7.61775617506591
-17.1861714487632
-6.79303837974176
3.53003621129636
-6.24022545062913
-16.1109524062373
-6.0912995652972
3.82541577221896
-6.3445599169719
-16.5767851559296
-6.84054934415427
2.89877418367932
-7.32289581171516
-17.4710701280086
-7.51532843052409
2.57008520760652
-7.2016335476068
-16.8247408353976
-6.30395728037603
4.34551676356789
-4.90125618646462
-14.0774698421514
-3.22242344171489
7.62118271079684
-1.58965377522877
-10.9040909603162
-0.348416805214518
10.0541746101481
0.292650204546052
-9.63019783543856
0.302985035803317
10.1238185947598
-0.123181997544671
-10.3830119920257
-0.59350519245678
9.2997091700662
-0.630937743425952
-10.3262884538452
0.262447945463107
11.1693453161003
2.41013481936608
-6.02039351612956
5.85028404760176
17.9725409779189
10.2762302526338
2.66462845401838
15.0452387861984
27.3112141578722
19.3548123319695
11.0738879830234
22.3782364709407
33.1953467902447
23.4751513931645
13.19342235202
22.3535526392227
30.9806376659896
19.1376952626105
6.90448468761137
14.3782392134954
21.6675575467152
8.88555599904923
-3.85724881253735
3.54016547819405
11.1631335908999
-0.923760487161219
-12.6741902882199
-4.07938524079405
4.84773003212815
-5.93037912093015
-16.4723017288265
-6.85269226660303
2.84377523734264
-7.47093995724825
-17.8814745596246
-8.46266327851056
0.736970691293141
-10.3310021567218
-21.6852705638781
-13.3211842606978
-5.2110731731932
-17.3061403746692
-29.5397565640006
-21.8318921636552
-14.0943535585822
-26.2364465777792
-38.1632988552057
-29.8019157567564
-21.0875843052883
-31.9727786680599
-42.4295380703091
-32.4505065488698
-22.0486211250832
-31.2555268795941
-40.1188789756572
-28.6987577748417
-17.0580720876199
-25.2748435135436
-33.4206065808649
-21.5617878803195
-9.75598271390598
-18.0489613420694
-26.4725522912988
-15.0434894575167
-3.76324785151715
-12.6188334179525
-21.5838567785376
-10.6235868213292
0.305869150032491
-8.74730105849495
-17.7341412429026
-6.60841537497736
4.67014848237509
-3.86695449618343
-12.1992304654634
-0.318704292204977
11.7694999415716
4.04557942682176
-3.52094689734207
9.0288946734216
21.6456655707048
14.2741019464255
6.85599540355529
19.3331922746359
31.6505320032744
23.7585519623192
15.6132972376702
27.1850025063329
38.453418675771
29.4099433382988
20.0574211781509
30.4092930586404
40.4881758834142
30.3239906721073
19.9517820703126
29.4093868713725
38.7329685955
27.9608602477091
17.1263950911392
26.2579200570772
35.377709391657
24.5013394411813
13.6375173706411
22.7883249477689
31.949813158791
21.1128661687692
10.2615403990548
19.3835651702637
28.46079244772
17.4741552935523
6.40471412396356
15.2345880170686
23.9477567310466
12.5307357320682
0.973138790285667
9.26814929235713
17.4079403373462
5.40182880311945
-6.74437168710657
0.979630384122407
8.58891139747105
-3.89644161776811
-16.4512477790189
-9.04535453503754
-1.64402053163728
-14.2085982674512
-26.695567746706
-19.0635817937366
-11.2696384787109
-23.2724657962072
-35.0343235997891
-26.522763598838
-17.7122232001598
-28.5853324747381
-39.1338281307137
-29.3589931802905
-19.2682409412452
-28.8853636661793
-38.2377660014545
-27.3589352255922
-16.2865950444511
-25.0606664359893
-33.7211766805354
-22.3062624276728
-10.8504054087135
-19.3830206672684
-27.918467997968
-16.4855219197308
-5.09467069705909
-13.7501106555347
-22.4507986016668
-11.1918387078583
0.0339370791859928
-8.76565413578358
-17.5836651645087
-6.41530300007577
4.74648188094118
-4.10944578139732
-12.988285871536
-1.89813049554063
9.15054370618273
0.14564383199785
-8.92558263542953
1.92451149493914
12.6850432382852
3.34758975683719
-6.0852721879908
4.37662512508084
14.735778524514
4.99897729490209
-4.82298301988497
5.28413430871993
15.3372047344154
5.35475738748291
-4.6441288076068
5.35902061437184
15.3847533087771
5.44372699673277
-4.45427610179679
5.6960228871115
15.8950026954735
6.13803986293898
-3.5842868851013
6.71430894221054
17.0166059733582
7.30289890914006
-2.45540380538081
7.7310678081241
17.8427878407228
7.86260859783454
-2.22296282050497
7.57730468265739
17.2601357647246
6.8281450808815
-3.71018655599123
5.65902868706872
14.9448100815454
4.18161438949396
-6.60704523364729
2.60206563244494
11.8303614369306
1.09604033722856
-9.58705169259751
-0.210195629459079
9.2298630429296
-1.26894316168998
-11.7204740840527
-2.1256842494991
7.50287508361312
-2.84817203739469
-13.1911838314694
-3.53572770261007
6.11293650036249
-4.24505414274456
-14.6036408014309
-4.95097040928116
4.72584422645243
-5.54796006269009
-15.750311909449
-5.86001814853012
4.14077224031053
-5.73579805607847
-15.48531675351
-5.11254946406033
5.36787844239134
-4.06830389580125
-13.4503833263337
-2.82275448568564
7.77203548230508
-1.70839995773819
-11.3026055231196
-1.04163480323129
9.05423563044595
-1.0218927557397
-11.2619055515335
-1.64221951847448
7.88277966942524
-2.64726780484659
-13.1723326130473
-3.62717356813398
6.05344399650656
-4.07079926083734
-13.9511953144193
-3.55483343862779
7.13160063472977
-1.90058955373251
-10.677167589046
0.740597932766419
12.280427020321
3.85558248693024
-4.6296251957494
6.72652924743242
17.8299461369721
8.59734517348602
-1.03771346046181
8.88010486227813
18.3324215231788
7.32484933694385
-4.10812246777898
4.09293560392542
12.0086422329942
-0.264370004441765
-12.6196545070803
-4.94770315752623
2.8572531887015
-9.10910796405825
-20.7677152931372
-12.0567514741894
-2.93827701621264
-13.3978887987785
-23.4441245153285
-13.1063661662285
-2.43148733259774
-11.4795730193152
-20.319093283178
-9.02192968035641
2.34038908550141
-6.29550366690278
-14.985932308819
-3.77615892479899
7.30090582491491
-1.77505646279343
-11.0124750396696
-0.409362744936971
10.044664056141
0.366064185028275
-9.42773679474686
0.688395405504871
10.7357487170572
0.733702103015299
-9.3011524515311
0.644625555428864
10.5814096067879
0.516933311159524
-9.54307149647825
0.405834924050002
10.3661295175064
0.343496102245852
-9.65838005588945
0.364184963277156
10.4146529226421
0.495854291559432
-9.39053221974851
0.755483519398079
10.9317497220963
1.13369413992214
-8.64513668957668
1.58533994295643
11.8142199722268
2.02975730196463
-7.7796465975857
2.37564279273876
12.487562783049
2.55129049078363
-7.43406224364871
2.534914536567
12.4675063567319
2.37306316470731
-7.73390405995585
2.16302231338687
12.0807439020611
2.03510537793005
-7.96062372037112
2.10289831817061
12.2300288939059
2.41948686652416
-7.33528978053558
2.95198541646874
13.2641219999627
3.58055716652086
-6.12111052612775
4.13660743201742
14.3328714420071
4.45020209980798
-5.5240648473522
4.40332257510652
14.2325676777697
3.96963530190331
-6.37253305732771
3.22455808674301
12.7836829960695
2.33029453917222
-8.10927764668265
1.49030623552672
11.1516042104556
0.892806422591525
-9.27310725952641
0.659254032930942
10.6890767040664
0.80876675623944
-8.99551048692986
1.25712943312521
11.5435976469551
1.83839316794586
-7.884690711881
2.34917005567523
12.514776054504
2.59751510979051
-7.41564670511528
2.46828879470483
12.2488295431091
1.93205870571848
-8.46971434098557
1.06130589899969
10.547317401972
0.0135619709665947
-10.5105125503313
-1.00208842357091
8.56367602336938
-1.79153770122164
-12.0505650853139
-2.20183297162732
7.75992067914391
-2.16666905665038
-11.9894831475662
-1.72238651473147
8.61845529141122
-0.993511448112754
-10.5833482948844
-0.176682182598336
10.2019151848031
0.530458631520196
-9.20911016745527
0.970137294140489
11.0608253141104
1.06158523096177
-9.02313891522237
0.816710899025094
10.595567609081
0.331195518166595
-9.95669255030305
-0.247921487051374
9.476669590892
-0.766127047788663
-10.96301721224
-1.10502447259738
8.81193429656121
-1.21257873716866
-11.1836474110454
-1.11012943291053
8.99634465669685
-0.877424139729974
-10.744903605093
-0.618551019062377
9.49133252917142
-0.422486536617722
-10.3639964038702
-0.332327539438941
9.67660664258622
-0.329885491003489
-10.3420968908514
-0.348978804531919
9.66066866610573
-0.303014857332838
-10.2320675768871
-0.121623052031233
10.0284804355908
0.216618902724598
-9.56396252784145
0.676506046209182
10.9251238056462
1.16738227235232
-8.61161045202824
1.57414364421825
11.7127386256459
1.79539392439498
-8.18373870898978
1.77595229647293
11.6782569647498
1.53096545983962
-8.65479387535502
1.13450444547549
10.9136493652455
0.697469917622179
-9.50036800387423
0.331561678100487
10.2001451122571
0.11198651758807
-9.93213583484785
0.0647189456423387
10.0961186574014
0.153004118710064
-9.77535939125344
0.299681684840045
10.367245051243
0.417902291792054
-9.55582535287669
0.442166473672871
10.4107057083761
0.351733892394642
-9.72998952136082
0.172567529860342
10.0679742066444
-0.0345142742336783
-10.1258407544077
-0.197981041749086
9.7546123321525
-0.263050711772877
-10.24953955479
-0.206093093968524
9.8635686294068
-0.0463538636366673
-9.94317075494849
0.164973557385101
10.2698186100407
0.363681271911752
-9.56003316958471
0.493920727886642
10.5226784756449
0.525459049447789
-9.49650374931293
0.459802206916353
10.3987950196895
0.32583286732615
-9.75329742593116
0.167111513682936
10.0927184538319
0.0270839007653212
-10.026702949175
-0.0668348932850949
9.90719844611119
-0.105288037053964
-10.1059767463334
-0.0972791760371213
9.91797112013911
-0.0631678563466071
-10.0442593069712
-0.0267875229258025
9.98756606253976
-0.0021864925920519
-9.9963242162956
0.00552424277147542
10.0042612654964
0.00115839161270784
-10.0023268937677
-0.00473407500802792
9.99533995613919
-0.00135627898169393
-9.99414317735013
0.0172870830919556
10.0328824125267
0.0522832065610182
-9.92509505041144
0.100037875180104
10.1269493894106
0.154975550096765
-9.81616221258643
0.212907378507913
10.2420002246857
0.271085771941319
-9.69977058247704
0.329515800993372
10.3589644660419
0.388450380516752
-9.58235872215284
0.445961811187971
10.4727395223206
0.496797196029947
-9.48305296140997
0.531955277594907
10.5406604521925
0.542099024386048
-9.46437553356241
0.521006018586886
10.4984948735505
0.468848492260723
-9.56700387971779
0.393146611718447
10.3512196205116
0.30925258905367
-9.73075578658528
0.232994846829299
10.2019586991677
0.177122197465911
-9.84107906421834
0.147204404626841
10.1410932003116
0.139559270458515
-9.85898883068818
0.143629585149185
10.1455479623612
0.145040857295586
-9.85929778785019
0.131596233016878
10.1173657360136
0.0982865052027415
-9.92495166214753
0.0493608106455278
10.023129665795
-0.00147963322565198
-10.022243917287
-0.0370976480864426
9.95565826937943
-0.0428259866785622
-10.032087336272
-0.012429291700641
10.0151288378582
0.0487030904407549
-9.91409423196082
0.123951955507969
10.159892105014
0.190870249652803
-9.78561389729517
0.228538361228125
10.2322275477737
0.225299625798427
-9.79149801711282
0.183855922657409
10.1541354349834
0.122844272836273
-9.90602301971669
0.0717304605731802
10.0601872587013
0.0629943210220769
-9.91693829546108
0.122304487603087
10.1813956162683
0.259826733105357
-9.64431446323343
0.465790234090663
10.5858440398802
0.710668471105776
-9.16550022006786
0.951328460384677
11.0552588729361
1.14086483395068
-8.79646261214131
1.23969693604472
11.2470791692223
1.22484083395467
-8.82639613382364
1.09541026071055
10.9935918632699
0.872564646849119
-9.26243837051078
0.594322138624107
10.4487589314739
0.30661621280661
-9.8268437458729
0.052875627461997
9.94927684894132
-0.135293803694364
-10.1997338950262
-0.244194160905228
9.7299893079967
-0.279565765837499
-10.276136024271
-0.263480599863274
9.75425688756614
-0.227094584308697
-10.2114453107007
-0.202180205142788
9.7980657002324
-0.212422426436175
-10.234333569445
-0.267296172911701
9.68994390595067
-0.360113009630319
-10.4144121063957
-0.469378557953709
9.47883013483557
-0.565945426179359
-10.600135070135
-0.620688354803695
9.37471225384945
-0.612511299126523
-10.5820812058723
-0.534402030376075
9.52892626265906
-0.394594702517402
-10.3081984706772
-0.215643683926441
9.8790272365444
-0.0282569381159871
-9.94134587560985
0.136360554889278
10.2020566835285
0.253827234224678
-9.70944253862242
0.312014975221763
10.3188105411712
0.312303966874841
-9.70553545304544
0.267698593362627
10.234658532125
0.19804876702735
-9.8395878834941
0.124075332219709
10.0909103783193
0.0622932112774794
-9.96093299771222
0.0215494717495819
10.0095799996579
0.00259920181728771
-10.0002485009923
